001100010001100001001101110010000001001100001010000000010000010010000010010000101010000011010001000010000111010000011010001011010000110001100001
010001010010000100010001100010000001010001110010000000010000101010000010
010000110010000100010000010010000000010001001010000010
010000011010001101010000100010000001010000011010000011
010000000010000011010000010010000010010000001010000010
010000000010000000010000010010000010
010000001010000100010000100010000001010000010
010000000010000011010000011010000010
010000000010000010010000000010000010010000010010000000

010000100010000010010000001001100001
